 OPT HF 3-21G(*)
M0004
0 1
 6   1.189018259  -0.242702205  -0.020153545
 6  -0.083125580   0.578127898   0.045273238
 8  -1.212827595  -0.254150700  -0.125495059
 1   1.251568422  -0.779475949  -0.972203442
 1   2.070175498   0.395606587   0.084438654
 1   1.205186545  -0.997594205   0.772566961
 1  -0.098640233   1.319915721  -0.747448988
 1  -0.165110396   1.097717333   1.007873516
 1  -1.196967023  -1.113803503   0.814587307
ENDCART
ATOMLABELS
"C1"
"C2"
"O1"
"H1"
"H2"
"H3"
"H4"
"H5"
"H6"
ENDATOMLABELS
HESSIAN
    1    1   -3   13   13   13   13   13   13
    1    2    1
    2    3    1
    1    4    1
    1    5    1
    1    6    1
    2    7    1
    2    8    1
    3    9    1
ENDHESS
BEGINPROPIN
ENDPROPIN
BEGINPREFERENCES
 MM:CONF_SELECTION_RULE=2
ENDPREFERENCES
