 OPT HF 3-21G(*)
M0008
0 1
 6   1.189000363  -0.242433226  -0.020246447
 6  -0.081873910   0.577279404   0.047665695
 8  -1.214021943  -0.278683284  -0.100150016
 1   1.251503590  -0.779802636  -0.972460349
 1   2.071313347   0.395941480   0.084298975
 1   1.204048890  -0.997425064   0.772947572
 1  -0.098953077   1.328649838  -0.758235706
 1  -0.163889687   1.097134907   1.003870056
 1  -1.193554363  -0.725823866   0.399692404
ENDCART
ATOMLABELS
"C1"
"C2"
"O1"
"H1"
"H2"
"H3"
"H4"
"H5"
"H6"
ENDATOMLABELS
HESSIAN
    1    1   -3   13   13   13   13   13   13
    1    2    1
    2    3    1
    1    4    1
    1    5    1
    1    6    1
    2    7    1
    2    8    1
    3    9    1
ENDHESS
BEGINPROPIN
ENDPROPIN
BEGINPREFERENCES
 MM:CONF_SELECTION_RULE=2
ENDPREFERENCES
