 OPT HF 3-21G(*)
M0007
0 1
 6   1.189004607  -0.242497010  -0.020224417
 6  -0.082170724   0.577480611   0.047098361
 8  -1.213738722  -0.272865763  -0.106160199
 1   1.251518964  -0.779725168  -0.972399427
 1   2.071043524   0.395862065   0.084332098
 1   1.204318667  -0.997465173   0.772857316
 1  -0.098878891   1.326578678  -0.755677803
 1  -0.164179159   1.097273021   1.004819414
 1  -1.194363623  -0.817827201   0.498078276
ENDCART
ATOMLABELS
"C1"
"C2"
"O1"
"H1"
"H2"
"H3"
"H4"
"H5"
"H6"
ENDATOMLABELS
HESSIAN
    1    1   -3   13   13   13   13   13   13
    1    2    1
    2    3    1
    1    4    1
    1    5    1
    1    6    1
    2    7    1
    2    8    1
    3    9    1
ENDHESS
BEGINPROPIN
ENDPROPIN
BEGINPREFERENCES
 MM:CONF_SELECTION_RULE=2
ENDPREFERENCES
