 OPT HF 3-21G(*) FREQ
M0001
0 1
 1  -1.252770604  -0.860770304   0.872727772
 6  -1.222367057  -0.231866989   0.000000029
 1  -1.252770590  -0.860770591  -0.872728135
 1  -2.049094489   0.395947126   0.000000013
 6   0.073715435   0.551831671  -0.000000015
 1   0.131012612   1.314487527   1.045382843
 1   0.131012600   1.314487390  -1.045382652
 8   1.150139320  -0.395964408  -0.000000001
 1   2.006963093   0.042997590  -0.000000001
ENDCART
ATOMLABELS
"H1"
"C1"
"H2"
"H4"
"C2"
"H5"
"H6"
"O1"
"H3"
ENDATOMLABELS
HESSIAN
   13    1   13   13    1   13   13    8   13
    1    2    1
    2    3    1
    2    4    1
    5    6    1
    5    7    1
    2    5    1
    8    9    1
    5    8    1
ENDHESS
CONFORMER
    5    8    3
ENDCONFORMER
BEGINPROPIN
 PRINTFREQ
ENDPROPIN
BEGINPREFERENCES
 MM:CONF_SELECTION_RULE=2
ENDPREFERENCES
