 OPT HF 3-21G(*)
M0005
0 1
 6   1.189014015  -0.242638421  -0.020175575
 6  -0.082828766   0.577926691   0.045840572
 8  -1.213110816  -0.259968221  -0.119484877
 1   1.251553048  -0.779553418  -0.972264364
 1   2.070445321   0.395686002   0.084405531
 1   1.204916768  -0.997554095   0.772657217
 1  -0.098714419   1.321986881  -0.750006891
 1  -0.164820924   1.097579220   1.006924158
 1  -1.196157764  -1.021800167   0.716201435
ENDCART
ATOMLABELS
"C1"
"C2"
"O1"
"H1"
"H2"
"H3"
"H4"
"H5"
"H6"
ENDATOMLABELS
HESSIAN
    1    1   -3   13   13   13   13   13   13
    1    2    1
    2    3    1
    1    4    1
    1    5    1
    1    6    1
    2    7    1
    2    8    1
    3    9    1
ENDHESS
BEGINPROPIN
ENDPROPIN
BEGINPREFERENCES
 MM:CONF_SELECTION_RULE=2
ENDPREFERENCES
