 OPT HF 3-21G(*)
M0009
0 1
 6   1.188996995  -0.242382606  -0.020263931
 6  -0.081638356   0.577119725   0.048115934
 8  -1.214246709  -0.283300094  -0.095380308
 1   1.251491390  -0.779864116  -0.972508696
 1   2.071527480   0.396004503   0.084272689
 1   1.203834794  -0.997393233   0.773019199
 1  -0.099011952   1.330293520  -0.760265668
 1  -0.163659961   1.097025300   1.003116641
 1  -1.192912132  -0.652809605   0.321612933
ENDCART
ATOMLABELS
"C1"
"C2"
"O1"
"H1"
"H2"
"H3"
"H4"
"H5"
"H6"
ENDATOMLABELS
HESSIAN
    1    1   -3   13   13   13   13   13   13
    1    2    1
    2    3    1
    1    4    1
    1    5    1
    1    6    1
    2    7    1
    2    8    1
    3    9    1
ENDHESS
BEGINPROPIN
ENDPROPIN
BEGINPREFERENCES
 MM:CONF_SELECTION_RULE=2
ENDPREFERENCES
