External AB INITIO PROGRAM: converted archive file
Jobname.Temp
   9  39  21  36   0   1  39   0 RHF      3-21G(d)           NOOPT FREQ        
GEOMETRY
  6     2.2469018    -0.4583865    -0.0381725
  6    -0.1559019     1.0917016     0.0878146
  8    -2.2930403    -0.5034551    -0.2132037
  1     2.3650601    -1.4733046    -1.8374409
  1     3.9131396     0.7479045     0.1594339
  1     2.2763974    -1.8850199     1.4602995
  1    -0.1866986     2.5025316    -1.4226657
  1    -0.3108600     2.0738347     1.9008221
  1    -2.2587152    -1.7381958     1.1473280
BASIS
   0   3   1   1   0
   1   2   4   1   0
   1   1   6   1   0
   0   3   7   2   0
   1   2  10   2   0
   1   1  12   2   0
   0   3  13   3   0
   1   2  16   3   0
   1   1  18   3   0
   0   2  19   4   0
   0   1  21   4   0
   0   2  22   5   0
   0   1  24   5   0
   0   2  25   6   0
   0   1  27   6   0
   0   2  28   7   0
   0   1  30   7   0
   0   2  31   8   0
   0   1  33   8   0
   0   2  34   9   0
   0   1  36   9   0
   1.7225600000D+02
   2.0931324850D+00   0.0000000000D+00   0.0000000000D+00   0.0000000000D+00
   2.5910900000D+01
   2.9367514349D+00   0.0000000000D+00   0.0000000000D+00   0.0000000000D+00
   5.5333500000D+00
   1.8017371154D+00   0.0000000000D+00   0.0000000000D+00   0.0000000000D+00
   3.6649800000D+00
  -7.4738433973D-01   1.7091775761D+00   0.0000000000D+00   0.0000000000D+00
   7.7054500000D-01
   7.1266102521D-01   8.8562206444D-01   0.0000000000D+00   0.0000000000D+00
   1.9585700000D-01
   2.0982847088D-01   1.8572226024D-01   0.0000000000D+00   0.0000000000D+00
   1.7225600000D+02
   2.0931324850D+00   0.0000000000D+00   0.0000000000D+00   0.0000000000D+00
   2.5910900000D+01
   2.9367514349D+00   0.0000000000D+00   0.0000000000D+00   0.0000000000D+00
   5.5333500000D+00
   1.8017371154D+00   0.0000000000D+00   0.0000000000D+00   0.0000000000D+00
   3.6649800000D+00
  -7.4738433973D-01   1.7091775761D+00   0.0000000000D+00   0.0000000000D+00
   7.7054500000D-01
   7.1266102521D-01   8.8562206444D-01   0.0000000000D+00   0.0000000000D+00
   1.9585700000D-01
   2.0982847088D-01   1.8572226024D-01   0.0000000000D+00   0.0000000000D+00
   3.2203700000D+02
   3.2095934430D+00   0.0000000000D+00   0.0000000000D+00   0.0000000000D+00
   4.8430800000D+01
   4.5991397399D+00   0.0000000000D+00   0.0000000000D+00   0.0000000000D+00
   1.0420600000D+01
   2.9251827834D+00   0.0000000000D+00   0.0000000000D+00   0.0000000000D+00
   7.4029400000D+00
  -1.2936951550D+00   4.2572304448D+00   0.0000000000D+00   0.0000000000D+00
   1.5762000000D+00
   1.2247121155D+00   2.1497572264D+00   0.0000000000D+00   0.0000000000D+00
   3.7368400000D-01
   3.4063437267D-01   4.1645752785D-01   0.0000000000D+00   0.0000000000D+00
   5.4471780000D+00
   3.9715132057D-01   0.0000000000D+00   0.0000000000D+00   0.0000000000D+00
   8.2454700000D-01
   5.5791992333D-01   0.0000000000D+00   0.0000000000D+00   0.0000000000D+00
   1.8319200000D-01
   1.9956757048D-01   0.0000000000D+00   0.0000000000D+00   0.0000000000D+00
   5.4471780000D+00
   3.9715132057D-01   0.0000000000D+00   0.0000000000D+00   0.0000000000D+00
   8.2454700000D-01
   5.5791992333D-01   0.0000000000D+00   0.0000000000D+00   0.0000000000D+00
   1.8319200000D-01
   1.9956757048D-01   0.0000000000D+00   0.0000000000D+00   0.0000000000D+00
   5.4471780000D+00
   3.9715132057D-01   0.0000000000D+00   0.0000000000D+00   0.0000000000D+00
   8.2454700000D-01
   5.5791992333D-01   0.0000000000D+00   0.0000000000D+00   0.0000000000D+00
   1.8319200000D-01
   1.9956757048D-01   0.0000000000D+00   0.0000000000D+00   0.0000000000D+00
   5.4471780000D+00
   3.9715132057D-01   0.0000000000D+00   0.0000000000D+00   0.0000000000D+00
   8.2454700000D-01
   5.5791992333D-01   0.0000000000D+00   0.0000000000D+00   0.0000000000D+00
   1.8319200000D-01
   1.9956757048D-01   0.0000000000D+00   0.0000000000D+00   0.0000000000D+00
   5.4471780000D+00
   3.9715132057D-01   0.0000000000D+00   0.0000000000D+00   0.0000000000D+00
   8.2454700000D-01
   5.5791992333D-01   0.0000000000D+00   0.0000000000D+00   0.0000000000D+00
   1.8319200000D-01
   1.9956757048D-01   0.0000000000D+00   0.0000000000D+00   0.0000000000D+00
   5.4471780000D+00
   3.9715132057D-01   0.0000000000D+00   0.0000000000D+00   0.0000000000D+00
   8.2454700000D-01
   5.5791992333D-01   0.0000000000D+00   0.0000000000D+00   0.0000000000D+00
   1.8319200000D-01
   1.9956757048D-01   0.0000000000D+00   0.0000000000D+00   0.0000000000D+00
ENERGY
  -1.5322083957D+02   0.0000000000D+00
WAVEFUNC   3-21G(d)   QCHEM 
  -2.0435019939D+01  -1.1218081363D+01  -1.1162023917D+01  -1.3469735021D+00
  -1.0150557675D+00  -8.4481072018D-01  -6.7533864777D-01  -6.2050042584D-01
  -6.0164270400D-01  -5.3838860363D-01  -5.1962818569D-01  -4.6437616996D-01
  -4.2605618939D-01   2.5621084954D-01   3.0395817125D-01   3.1929458621D-01
   3.3586458878D-01   3.4537649939D-01   3.7147707874D-01   4.4050040650D-01
   4.5748961106D-01   9.1865037014D-01   9.6702232420D-01   9.8598162409D-01
   1.0197244139D+00   1.0686497091D+00   1.1278307197D+00   1.2489072372D+00
   1.2884667065D+00   1.3481016621D+00   1.3524651235D+00   1.3829513715D+00
   1.4114920849D+00   1.8753151075D+00   1.9432709596D+00   2.0097784825D+00
   2.1481757392D+00   2.3170715256D+00   3.3960809639D+00
   1.2793337086D-04   1.9667189435D-04   8.7572199453D-04  -1.0512807972D-04
   3.2826646156D-05  -4.0501031483D-03   2.2301140840D-03  -1.8159214973D-04
   1.2040968896D-04  -7.7471739615D-04  -3.0608784078D-03  -1.7133858010D-03
  -1.1964408206D-03  -1.9317963837D-05   1.8992985065D-02  -6.1240743014D-03
  -6.5399099630D-03  -1.0038534297D-03   9.8345183996D-01   9.7795370471D-02
   2.9107779471D-03   3.8011599189D-04   2.4368001658D-03  -4.4265294713D-02
  -7.9650172376D-03  -2.5468440620D-03  -4.8210541282D-03   3.1498185922D-04
   2.2275360871D-05  -2.9545400785D-04   9.7609796858D-04   6.5673901200D-04
  -9.8471340853D-04  -1.3381560451D-03  -1.3062407914D-03  -1.4885705704D-03
  -1.2645380790D-03   2.9037384520D-03   5.3349970522D-03
  -3.3168665644D-03  -3.0212370755D-03   9.6642226459D-05  -5.2561968146D-06
  -1.6001189333D-05   2.2261988429D-02  -1.1639316880D-02   7.1247162401D-03
   8.0036082498D-04   9.8757745499D-01   1.0104836205D-01   2.8913288168D-04
  -1.4002105430D-04   1.7145902466D-04  -7.8633094750D-02  -7.7129182764D-03
   2.3894829783D-03  -2.1751878725D-04  -1.4838004131D-04  -2.8579942335D-04
   3.7307594568D-04   2.0481734017D-04   2.9497167799D-04   7.5604326522D-03
   2.3551762086D-03   1.5690293133D-03  -6.9332363698D-04  -1.4440766818D-03
   1.2204496678D-03  -1.2787349271D-03   1.1208962801D-03  -1.3341672094D-03
   6.0760888721D-04   1.4468346152D-04   1.4620179405D-02   1.7027495878D-04
   1.4781619640D-02  -1.1538728957D-04   2.8097984178D-03
   9.8746983183D-01   1.0161148940D-01   3.5599792137D-05  -8.2240181352D-05
   5.6424036947D-05  -8.1017538189D-02   4.2806062084D-03  -2.0813021059D-03
  -1.0786817922D-04   2.5750256299D-03  -2.1291387451D-03   1.1835039938D-04
   1.6775225952D-04   3.3894634310D-05   2.0058503471D-02   9.3953124110D-03
  -7.1144705913D-03  -7.7830780372D-04   8.9002652374D-06  -2.6906812601D-04
  -3.6549628528D-04   8.0884747002D-05  -5.4093250132D-05  -7.0230433090D-04
  -2.3484443394D-04  -4.3246652393D-04   2.3126768802D-04   2.8874287399D-04
   1.4289652618D-02   1.1619392031D-04   1.4115711657D-02   2.5186572220D-04
   1.4287747056D-02  -1.2523071542D-03   1.0087761563D-03  -1.1990796478D-03
   1.0858848730D-03  -5.4429356159D-04   7.0511695571D-05
  -1.9564818154D-02   1.9840618680D-02  -2.1066046591D-02   5.6258673623D-03
   5.5721785969D-04   3.3526195281D-02  -6.9285139192D-03  -9.5018540438D-03
  -6.1011966143D-04  -7.8753278453D-02   8.4201962061D-02  -5.6955980439D-02
  -5.1826781482D-02  -4.3764698033D-03   1.2820152283D-01   8.1622045265D-03
   4.5246394181D-03   3.8257313825D-03  -2.1986822974D-01   2.0366760927D-01
   5.6837105377D-02  -1.0416059781D-03   5.2557453356D-02   6.8663147330D-01
   7.6499236197D-02   7.3914869847D-03   6.3726428649D-02   6.0562685188D-03
  -2.0791320529D-03   6.1981476320D-03  -2.2437877152D-03   6.0075415201D-03
  -3.1230631608D-04   2.2669976909D-02  -3.7892574195D-03   2.5233120349D-02
  -5.9835430158D-03   1.0371598586D-01   1.6372073998D-02
  -1.7070168901D-01   1.6658784305D-01  -3.8015997973D-02   3.0462831860D-02
   4.0665657381D-03   4.5641633158D-01   4.8023326128D-05   5.4502195768D-03
  -1.2680744262D-03  -1.2613388816D-01   1.2733579069D-01   9.3407090934D-02
  -1.1745743133D-02  -1.2649330155D-03   3.2721125738D-01   3.7147064527D-02
   4.3584798827D-03   1.2192969591D-02   6.4357480013D-02  -5.7598320253D-02
   4.6315055303D-02   4.2305409155D-02  -2.3943606423D-02  -2.4379291752D-01
   2.2320477097D-02   2.8668547508D-02  -2.4336879843D-02   8.5375509303D-02
  -5.9678844707D-04   8.9847444249D-02   3.3832274603D-03   8.7082318097D-02
   6.4555667631D-03   6.9584389691D-02   3.2962944671D-03   6.6340338448D-02
  -5.2242819323D-03  -5.4829917397D-02  -3.2433584733D-02
   1.1646840070D-01  -1.0056684213D-01  -7.7647954286D-02   6.8624591764D-02
   1.6536119680D-03  -4.3824645430D-01  -3.1435382130D-03   1.9344797770D-02
  -4.8436694837D-03  -1.4198647727D-01   1.3382912683D-01  -6.2467723710D-02
   9.5519446183D-02  -1.5634697543D-03   5.0409929298D-01   1.3895110162D-02
   4.0460598774D-02   7.8579640411D-03   3.5856287084D-02  -3.1923067556D-02
   6.4886942856D-02   1.3753666858D-01  -3.5811258549D-02  -1.5438358044D-01
   4.7548406276D-02   1.1629075266D-01  -3.0891383805D-02  -9.0863244539D-02
  -3.4593497738D-02  -8.3272044150D-02  -3.4553496574D-02  -9.7109905427D-02
  -3.8561246742D-02   1.2521095302D-01   4.3611975123D-02   1.1532085343D-01
   3.6229639787D-02  -9.5027136591D-02  -6.5784549138D-02
   1.3020541640D-02  -8.8521967959D-03  -2.2543021606D-02   4.7777678953D-02
   1.2842631553D-01  -7.0343023495D-02  -2.3093113123D-03   3.3562132329D-02
   8.2488497433D-02  -2.0941996467D-02   1.5972583463D-02   8.3439036554D-02
   5.6759882550D-02   2.4301966417D-01   8.8063927905D-02   5.9069388403D-02
   1.4296617688D-02   2.1006176206D-01   3.9028589447D-02  -3.5000931135D-02
  -5.5676379406D-02  -1.3635524984D-01   2.3278542269D-01  -1.7185218592D-01
  -5.7121911135D-02  -1.3039907002D-01   2.2494391303D-01  -9.2503255094D-02
  -7.0765556762D-02   4.5310471762D-03   1.8286860684D-03   3.1764825892D-02
   3.5834837665D-02  -6.5803342085D-02  -3.5463159810D-02   1.6007199845D-01
   1.0660917320D-01   1.6017917007D-01   1.1310645392D-01
   3.1991954022D-03  -1.3145058789D-03  -1.5306340215D-01  -1.5745889163D-01
   8.4728017012D-02  -2.6811587559D-02  -1.1813182621D-01  -1.3811189577D-01
   5.7327296876D-02  -9.4096576042D-03   1.0852744052D-02  -8.6615350430D-02
  -2.2950912538D-01   9.3494145832D-02   1.0160447521D-02  -3.3087919966D-02
  -1.7757128092D-01   1.0137340802D-01   2.8105996918D-02  -3.0320551012D-02
   2.2560163647D-01   9.7620832453D-02  -4.0906067375D-04  -1.1026224540D-01
   2.4165326584D-01   1.0233721184D-01   2.1943051539D-03  -7.1111427945D-03
  -1.2208497798D-02  -1.4041522330D-01  -1.1257572969D-01   1.0945339602D-01
   9.3932645003D-02  -1.3800652417D-01  -9.5558355231D-02  -6.5845042831D-03
  -1.7237411359D-02  -7.1080969040D-02  -7.8426220828D-02
  -1.3565996232D-02   9.1011476342D-03   2.1590538592D-01  -7.9476745245D-02
   1.1426411560D-01   9.2129837433D-02   1.6352183173D-01  -2.5290285833D-02
   9.7672469411D-02   2.8721433186D-02  -2.7182546384D-02  -1.9924123335D-01
   8.4560318986D-02   1.2158569368D-01  -1.0540935075D-01  -1.7375194712D-01
   7.6564615314D-02   9.0636365531D-02  -3.1735956152D-02   2.7875338765D-02
  -1.0524491318D-01   2.6179227248D-01  -1.2276107629D-02   1.4082136018D-01
  -1.1188256074D-01   2.7236705494D-01  -1.0637595283D-02  -2.3761175483D-02
  -1.3953644788D-02   1.0500574773D-01   8.0799294517D-02   1.0556026413D-01
   8.8073764044D-02  -4.7913938396D-02  -3.1611560161D-02   7.9184256366D-02
   7.8540684777D-02  -1.1733108839D-01  -9.1213525594D-02
   3.2272842140D-03  -2.1772183448D-03   5.6862471587D-03  -2.2013264468D-01
  -2.4412082168D-01   5.7037342321D-04   6.4856514493D-03  -1.8107862771D-01
  -2.3566465549D-01  -1.7905801382D-03   2.2852627978D-03  -1.0612261325D-01
   1.1857611538D-01   2.6687376948D-02   9.6452280600D-03  -7.6775729574D-02
   9.7003012744D-02   6.5895439003D-02   3.0357256142D-02  -2.6983910104D-02
  -4.5716239439D-02   4.0302762284D-02   1.9647563243D-01  -1.3923502210D-01
  -4.7230123806D-02   4.6652771658D-02   2.1577060498D-01   2.3241112100D-01
   2.0164213930D-01  -1.1340685623D-01  -1.1168088796D-01  -2.2040129392D-02
  -7.7391023945D-03   4.9913476424D-02   5.5368752143D-02   6.4773918257D-02
   5.6743238921D-02   6.9346093692D-02   6.0890047767D-02
   4.4692935783D-03  -5.5397130535D-03  -9.5073781210D-02  -2.1135169105D-01
   1.6809817683D-01  -1.4911936587D-02  -9.8591207391D-02  -1.8850036080D-01
   1.6843505348D-01  -4.0649243553D-04  -1.8956476197D-03   5.8528353866D-02
   1.6724552933D-01  -8.3033529317D-02   2.2288011387D-02   2.9615633778D-02
   1.4622797727D-01  -1.1846543765D-01  -1.6387419088D-02   2.1818394163D-02
  -1.6036581487D-01  -1.0666845452D-01  -1.2599669201D-01   5.9643947316D-02
  -1.8794272947D-01  -1.2590805442D-01  -1.4692695188D-01  -4.1244826842D-02
  -2.8038406806D-02  -1.4806516269D-01  -1.4115262832D-01   2.0505156658D-01
   2.0385162566D-01   1.3160762884D-01   1.1297502856D-01   6.0011335610D-03
   1.6819175571D-02   1.2765309948D-02   4.2178719952D-02
   1.6209216163D-02  -1.3709935083D-02   1.4833644158D-01  -3.4060855356D-02
   1.1752618377D-01  -8.4591943927D-02   1.2128384823D-01  -4.5998126445D-02
   8.6293640464D-02  -3.1137861990D-03   8.7230393179D-03  -1.4995055328D-01
   4.8570718910D-02  -2.1606024028D-01  -9.5053043214D-03  -5.8901563270D-02
   3.8160959704D-02  -1.3582304326D-01   4.9806209761D-02  -4.9808790261D-02
   2.2400813677D-01  -2.7261126349D-02   2.2079272105D-01  -2.2324346462D-01
   2.8453502923D-01  -1.9122359132D-02   2.6727183448D-01  -8.3029926394D-02
  -1.0330864781D-01   7.8530920304D-02   1.0077175172D-01   8.0620172615D-02
   1.2135517776D-01   1.6623434382D-01   1.9056599556D-01  -1.2877773068D-01
  -1.5692488695D-01   1.0662822155D-01   9.9841963956D-02
  -2.8943144733D-02   2.6315698236D-02  -1.8467026335D-01   7.2253265030D-02
   4.3399438770D-02   1.7489842238D-01  -1.2606162293D-01   1.2462713373D-01
   2.9413498049D-02  -5.2495650021D-03   7.2886244740D-03   1.2525606946D-01
  -1.1992125398D-01  -1.2394955956D-01   1.8100360560D-03   2.2336447111D-02
  -6.9003277070D-02  -6.0191554631D-02   4.6450078985D-04   2.7204325504D-03
  -2.4639426954D-01   2.6075023751D-01   2.4241720705D-01  -1.6869380010D-02
  -3.1241427434D-01   3.1785762910D-01   3.0001306425D-01  -4.4406565004D-02
  -9.2051205893D-02  -5.9663841142D-02  -1.1874620810D-01   1.4429061926D-02
   1.2589736934D-02   1.4470074675D-02   1.6627855787D-02  -1.5746938456D-01
  -2.0499257260D-01   2.1448240117D-03   8.8848600698D-04
   7.4493981712D-02  -2.0418313664D-02  -7.7032688138D-02   6.1183881726D-02
  -5.5791922163D-02  -9.8792285649D-01  -3.9488285350D-01   3.6203504562D-01
  -1.6737199501D-01   5.2452619155D-02  -3.3115856155D-03  -5.7875253919D-02
  -1.0524112458D-01  -6.6007698046D-02  -8.7588062340D-01  -1.7602959775D-01
  -3.5423994760D-01  -2.4669299343D-01   6.6008564807D-02  -2.5898393865D-02
  -4.3935576036D-02   1.0275688517D-01  -1.0727950095D-01  -6.0449930070D-01
  -7.7213044672D-02   2.4848196047D-01  -2.4393730574D-01  -1.8108864003D-02
   3.1422760128D-01   3.5293093362D-02   6.1169829669D-01  -1.5190981657D-02
   7.6074817201D-01  -2.2572709557D-02   2.9496833663D-01   8.4184552579D-03
   7.4866863683D-01   3.3407402419D-02   8.2226731649D-01
   8.9005083526D-02  -2.1490457795D-02  -6.2162591108D-02   3.2864274133D-03
   1.1224569090D-01  -1.3249387330D+00  -1.8142232134D-01   1.6471392214D-01
   4.4242165426D-01   6.2946577986D-02  -4.1544728029D-02   7.1493886839D-02
  -6.9923636229D-02   1.1225872071D-01  -7.5119881702D-01   2.7425698068D-01
  -4.5954879242D-01   4.4030517341D-01  -5.5726825253D-02   1.9294687693D-02
   2.0036672402D-02  -2.2267688105D-02   8.9219099258D-02   5.2530024059D-01
   4.6839082564D-02  -4.7735999758D-02   1.7373735716D-01   4.2791288872D-02
   1.1368854707D+00  -3.5867615761D-02   5.1476029768D-01  -5.7997522614D-03
   1.2770566026D-01   3.4881018794D-02   1.1616463962D+00  -3.4804449227D-02
   4.2716044334D-02  -5.5866408113D-02  -6.6509354417D-01
   9.4336807711D-02  -1.5556875812D-02   6.3009524102D-02   1.4759694796D-01
  -7.1793091229D-02  -1.3917135607D+00   3.8603163631D-01   5.9292913879D-01
  -3.1844899503D-01  -5.4317842146D-02   1.6052911957D-04   9.8573409879D-02
   1.3111078056D-01  -4.2284522572D-02   9.3382036974D-01   4.7222510579D-01
   3.5601800351D-01  -1.6026150726D-01  -3.5133282175D-02   1.8186276611D-02
   6.6805200498D-02   3.5727280855D-02   2.8687552397D-02   3.0004924180D-01
   1.5182036643D-01   8.5721205930D-02   6.8133690877D-02   8.7152782212D-03
   5.3494526412D-01  -6.4675945187D-02  -3.6464227586D-01   5.3132836499D-02
   1.4326917761D+00  -4.6534580212D-02  -9.0504767562D-01  -4.0474928220D-03
  -3.1791896026D-01  -8.3493194329D-03  -6.3200163728D-02
  -4.3107260829D-02   7.8391725433D-03   2.6696368741D-02   8.8476635993D-03
  -1.3290177208D-01   5.6293257933D-01   1.7066101755D-01   2.2513248733D-01
  -5.7717533637D-01   9.8107834301D-02  -3.5450543791D-02   5.1498328265D-02
  -7.1506670394D-02  -1.4298817908D-01  -1.2972058934D+00   9.8963446955D-02
  -4.1510916831D-01  -5.1247765402D-01  -4.7940927448D-02   2.1487283603D-02
   4.5166905093D-02  -2.9229981647D-02   9.8376329699D-02   4.3644102590D-01
   7.1491168647D-02  -5.7101519188D-02   2.5594682811D-01  -3.4480240650D-02
  -8.6811579920D-01  -3.2926744460D-02  -4.5296529271D-01   6.2449305165D-02
   5.4793180005D-01  -1.5909671229D-02   3.0095045191D-01   4.0435943579D-02
   1.4647662689D+00  -3.0706378059D-02  -5.6872004658D-01
   6.0770074949D-02  -1.3146814808D-02  -1.6877844450D-01  -1.6497114158D-01
  -1.0659896487D-01  -8.8251893119D-01  -7.6515143572D-01  -9.2563375207D-01
  -5.3113247962D-01  -4.0525262259D-02   1.1616411991D-02   2.0276545489D-02
   3.0886631232D-02  -4.0842794728D-02   6.0269843599D-01   2.3183019893D-01
   4.0119441096D-01  -8.9376626891D-02  -2.2047959130D-02  -4.2546169872D-03
  -4.9412343986D-02  -3.2790839330D-02   5.9767976746D-02   2.9584655628D-01
  -3.1322949276D-02  -8.6194685763D-02   1.4490814596D-01  -4.1968148677D-02
  -7.3112268838D-01   3.7242632360D-02   1.7894621836D+00   1.3122591304D-02
   1.3340759336D-01  -1.6446225181D-02  -5.9322514751D-01   1.4703562284D-02
  -1.6761897612D-01  -3.7134711654D-02  -3.6329564456D-01
  -6.8177302970D-03   3.1850142881D-03   3.0838068782D-02   2.3964551308D-02
  -1.7662957072D-01   9.9268000160D-02   1.5241423246D-01   1.5672039828D-01
  -1.1607806777D+00  -4.9874791389D-03  -1.9157898286D-03  -1.3382797870D-02
  -4.6889487526D-02   2.6006793212D-01   5.8302145602D-02  -7.6565401217D-02
  -2.8364916283D-01   1.3040331281D+00   7.5535190344D-04   5.4307197596D-03
  -1.4541023715D-02  -1.5898204363D-02  -7.1508400152D-02  -4.0708631938D-02
  -3.4152237312D-02  -1.5410059081D-02  -1.9250372184D-01  -2.8854452000D-02
  -1.0334025178D+00   4.5027677347D-03  -1.4636646907D-01   1.8863138895D-02
   9.4797455991D-01   8.8076657362D-03   1.2368708491D+00   5.0139043437D-03
  -1.1586805242D+00  -2.9728100342D-02  -1.6237517325D-02
   8.6813864529D-02   5.0439961777D-03   1.4414308470D-01  -1.3321060766D-01
  -4.6697459799D-03  -1.3811623928D+00   1.5315377056D+00  -8.7275490782D-01
  -6.7374720725D-03  -1.0949687951D-01   2.3981102831D-02   1.7633773908D-01
  -2.2164177244D-01  -4.5803230630D-02   1.5991496755D+00   1.0709533423D+00
  -1.2818003430D+00  -2.0153020727D-01   2.7290902966D-02  -1.8561861263D-03
  -1.0335967024D-01   1.7710870264D-02  -1.2527087896D-02  -3.1273862934D-01
  -3.1953220573D-01   6.4812495556D-02  -1.9549300252D-02  -5.4629121383D-02
  -1.3150189366D-01  -3.9476355080D-02  -1.5321937861D-01  -5.9609086123D-02
  -2.2978098778D-01   5.8480731005D-02   1.9662289500D-01   4.4468888656D-02
   3.3549721049D-01   4.1266079866D-03   9.1381635584D-02
  -2.2325076488D-02  -4.7559989056D-03   3.1707433822D-02  -1.1594101939D-01
  -3.1059616452D-03   2.7676388435D-01  -1.1802834301D-01  -6.5386395274D-01
  -1.2578522016D-02   8.7040124154D-02  -4.5738828707D-02   2.0569417895D-01
   8.8249024461D-02   3.7378564058D-02  -8.3054887147D-01   1.1452484335D+00
   6.4563635901D-01   2.2471077559D-01  -5.7774867563D-02   1.4442752090D-02
   1.7580244786D-01   2.3917700901D-01  -5.1779506990D-02   6.1906650719D-01
   5.5049554094D-01   6.6477761236D-01  -1.3647110344D-01   3.4166047372D-02
  -3.8227837878D-01  -6.3468165722D-02   2.1878191511D-01  -3.7033009409D-03
  -5.8092058323D-01  -4.6814062354D-02   2.7137046600D-01  -5.5418906815D-02
   4.6270140248D-02   1.0539402861D-02   7.2793651774D-01
  -5.2294586266D-05  -5.2841204177D-03   4.2820596475D-02   4.2506332694D-02
  -5.5936367130D-01  -1.4851612006D-02  -6.7136087686D-02  -5.6889894949D-02
   8.2909661321D-01  -3.6311463492D-03   1.7705405401D-02  -8.2371240159D-02
   5.3573004283D-03  -3.1035909172D-01  -2.4976652844D-02   4.8290114704D-02
  -3.1884655673D-02   4.5821371887D-01  -1.0133811778D-02   1.0953780460D-02
  -2.4849558197D-02  -4.6932567703D-02  -4.7008828172D-02   9.3008196015D-02
  -2.8108533716D-03  -3.2692971936D-02  -2.6849767050D-02   4.9245596600D-01
  -8.9849353010D-02  -1.5963922374D-03  -2.9216523026D-03  -4.6350166932D-01
   1.0998636001D-01   3.7642102493D-01  -7.9897588880D-02  -3.7312515293D-01
   6.9927879592D-02  -1.1460346826D-01  -6.3492863586D-02
  -8.0265811028D-03   1.7480844110D-02  -3.0452262776D-01   5.5431211714D-01
  -1.3101807877D-02   3.9969886754D-01   2.1654971596D-01  -7.7654774035D-01
   2.0585258399D-02   4.1242587859D-02  -1.4923440197D-01   7.5565053224D-01
   1.3059440166D-01   2.6324903681D-02   2.3147048369D-01  -7.8806673685D-01
   9.3611809951D-02   1.6120705419D-02  -1.3904964475D-02   5.3283988627D-02
   1.4162559658D-01   7.1330568852D-02   2.2634378858D-02  -1.8183281320D-01
   5.5999755830D-02  -6.5914439595D-02  -6.2248826116D-03  -2.0001069554D-01
  -6.1329596060D-02   1.7176543140D-01   4.3760238718D-03  -3.0530260644D-01
  -3.4630684916D-02   3.1811193320D-02  -6.1892478258D-03  -2.0013599859D-02
  -1.0308345289D-02   3.1122225087D-02  -1.2696977179D-01
  -1.6729051630D-02   1.6373751451D-02  -6.5289442869D-01  -2.8742075032D-03
  -3.0484463908D-02   3.4513327445D-01   9.4778878851D-01   1.7691665182D-01
   8.2546432704D-02  -1.8369319198D-02   2.2620907553D-02  -5.9493057966D-02
  -4.8688794552D-01  -5.6284703134D-02   4.6044587802D-01  -2.1883487310D-01
   5.9827218247D-01   6.5476929340D-02   2.1583973351D-02  -2.7160361305D-02
   5.8572725630D-02  -1.0663655920D-01  -8.4282856526D-02  -7.4491106235D-02
   1.1106264973D-02  -5.7440484819D-02  -7.7712439302D-02   8.1108314420D-02
  -5.4952225162D-02  -5.5937889745D-01  -4.7805504396D-02   5.2528715253D-02
  -6.2935703110D-02  -2.8794085888D-01  -2.8351963544D-02  -2.4671502950D-01
  -7.6130613640D-02   2.0553472318D-01   4.6419110990D-02
   8.5816915932D-03  -6.1471815200D-02   3.6943184312D-01   4.4706337825D-01
   1.5620000887D-01   3.3085600057D-01  -8.6227142686D-01  -9.8130892131D-01
  -2.9686102344D-01  -1.9908476212D-02   1.2763448672D-01  -1.8185688554D-01
  -7.5559371938D-01  -1.1042889449D-01  -9.7401649139D-02   3.5916311881D-01
   1.5306652714D+00   2.2151164840D-01  -7.9686466497D-03  -6.4532385366D-02
  -1.5928790870D-01  -6.1040992986D-02   2.1203419328D-02   4.8838512936D-01
   1.9047026134D-01  -5.4566224476D-02   6.4288530565D-02  -1.8423785572D-01
  -1.2283088472D-01   2.7283104337D-01   2.6344587625D-01  -9.8902810348D-02
  -1.1786476092D-01  -1.3572298743D-01  -2.7826595469D-01  -1.9989818670D-01
  -2.1151421960D-01  -3.1347663114D-01   2.6898879835D-01
   5.4123462943D-02  -1.4848571280D-01   4.5984316516D-01  -4.8533111547D-01
  -1.0288362272D-01   4.4184220485D-01  -7.4181187523D-01   9.2400663142D-01
   1.9790518967D-01  -4.9176881443D-02   9.4576335178D-02   7.5387322136D-01
  -2.8014443005D-01   2.4768009731D-02  -3.3494534479D-01  -1.2453664352D+00
   5.5855921171D-01  -4.9398451447D-02   1.4974608800D-02  -1.9936138947D-02
   5.3628422487D-02  -3.9067108744D-02   1.7871079079D-03  -2.3040958314D-01
   7.3509217265D-03  -1.3621919518D-01  -9.2284976079D-03   2.3789543999D-01
   1.7690240098D-01   2.7089343983D-03   9.4080254881D-02   2.1277051721D-01
   1.3685882592D-01  -2.2467609651D-01  -1.4065113530D-01  -2.1040426285D-01
  -9.6050419012D-02   4.9265978958D-02  -9.1170179055D-02
  -1.2406176090D-03  -9.7995694217D-03  -1.0239337871D-01  -1.6846013355D-01
   6.0345725119D-01   8.5790616419D-02   2.0703067885D-01   4.2711542303D-01
  -1.4331517521D+00   3.0564696590D-03  -1.8727149140D-02   1.3286366588D-01
   1.7518465909D-01  -6.7708666503D-01   5.5186432676D-03  -2.7729996669D-01
  -3.3905641075D-01   1.6820985547D+00  -2.0221721944D-02   4.3992040180D-02
   5.6850341021D-02  -7.6466671280D-02  -8.1745608784D-02  -3.1507654115D-02
  -1.9047687674D-02  -7.4605493309D-02  -7.2495638163D-02  -1.1257733706D-01
  -3.7476447804D-01  -8.1865177783D-02  -7.1590226948D-02   1.5432908942D-01
   4.3439356587D-01   2.9990953560D-01   4.0283479529D-01  -3.2031598323D-01
  -3.8333220986D-01  -4.0510330213D-01   1.2086747717D-01
   5.4051709297D-02   5.3140717179D-03  -1.3093773931D-01   1.0442483906D-01
   1.0090585776D-01  -1.7987779722D-01  -8.0547772715D-02  -1.2458232424D-02
  -2.4537671886D-01   2.6793596449D-02   5.4456668566D-02   4.0531651060D-02
  -2.8333148530D-01  -4.9710132719D-01  -4.7933420714D-02   5.4290630080D-02
   8.6880616943D-02   8.3861078708D-01   8.3237518852D-03   7.6741788388D-03
  -4.0790459221D-02   1.1092012148D-01  -1.4225985830D-01   9.2391242396D-02
   5.5892421885D-02   1.4714356050D-01  -1.8528259738D-01   4.4652106668D-01
  -2.5625353191D-01   4.3178755949D-01  -1.4778698436D-01   2.8347949001D-01
   4.9096856849D-02   1.8683861705D-01   3.0782188049D-01   6.4065330031D-01
  -8.2622978039D-01   6.8673175703D-01  -3.9903853923D-01
   3.7152249647D-02  -8.6834036225D-03  -3.1425747145D-01  -5.4021173794D-02
  -4.2454821272D-03   4.9988746262D-02   3.2096559620D-01   3.1899716748D-01
   9.6861992938D-02   4.3007717745D-02  -1.4837703840D-02   6.0543391238D-02
  -3.4545387667D-01   5.5765867318D-01   6.0606811953D-02  -5.2977022931D-02
   2.8632836998D-01  -8.7094873380D-01  -2.2254979688D-02   5.9890884974D-02
   1.4568084343D-01   1.4280215671D-04   2.2564359952D-02  -3.5797324551D-02
  -3.0403122170D-02  -9.2152832493D-02   1.6519788931D-01   2.3395106779D-01
   7.4111602506D-03   2.4185258255D-01  -3.5228107260D-01   4.1359351570D-01
  -1.5483812392D-01   8.3774142070D-01  -1.1284267672D+00   1.1084810039D-02
   4.4958379933D-01  -5.1206350864D-01   5.0198989134D-01
   5.1987039423D-03  -1.0525619518D-02   2.2057346525D-01   4.5328169821D-01
  -5.8302023464D-01  -8.4603822714D-03  -1.8979584948D-01  -4.3573917048D-01
   5.9150628520D-01   8.7954327853D-03  -3.0715503135D-02   5.0933509104D-02
   8.8335045517D-02  -2.7473492808D-01   4.1617780332D-02  -7.5813064055D-02
  -2.3451729674D-01   4.7835691352D-01   7.8567618748D-04  -6.0726148600D-04
   2.5997136157D-02   6.8309231621D-03   1.9738530981D-03  -8.3129536790D-02
  -5.3753121936D-02  -2.7389163995D-02  -2.1931844669D-02  -3.0650767876D-01
   5.1310271618D-01  -4.8678844812D-01   6.7951979882D-01   9.1578535112D-01
  -1.3009904389D+00   6.0641232490D-02   3.0403939740D-01   1.3317804753D-01
  -3.3074056724D-01  -1.6277485582D-01   1.1685996229D-01
  -5.2223622536D-04   1.3152104435D-02   3.8406456241D-01   4.9369092347D-01
   5.1974094481D-01  -9.1049110658D-02  -3.9538974198D-01  -5.2953781930D-01
  -5.7686802007D-01   1.7409574139D-03  -9.8466948543D-03   4.0682020659D-02
   9.5068554130D-02   2.5658129584D-01  -2.5833007829D-02  -6.5789019205D-02
  -2.5845214907D-01  -3.8787967800D-01   1.1998154316D-02  -2.0161662824D-02
  -3.0141622023D-02   3.5349744521D-02  -1.7390794310D-02  -9.7025291721D-02
  -5.7994590684D-02   6.7954135251D-03   1.5098288122D-02   7.4780550011D-01
  -1.1415711660D+00  -7.2735406014D-01   1.0970488180D+00  -3.4342754046D-02
   1.0852086215D-01   1.7808991144D-01  -2.3385316616D-01  -4.8723271413D-02
   3.7787904305D-01   1.5671945702D-01  -1.6299752094D-01
  -3.2343165710D-02   1.1065688214D-01   2.6794687720D-02  -1.4088400486D-01
  -1.1796951420D-02   1.1190186004D-01  -7.1142399888D-02   3.6828775317D-01
   4.0398394336D-01   4.5787655261D-02  -2.0162428063D-01   9.8930112824D-02
  -2.0959068593D-01  -2.5344610668D-01   1.8820501245D-01  -3.3695884104D-01
   3.7754499513D-01  -1.4202924021D-01  -2.0774382577D-02   5.8969814522D-02
   1.3526439466D-01  -5.0707481078D-02   2.8666485899D-01  -1.0168589351D-01
  -5.5632642429D-02  -1.5685951312D-01   2.5140949053D-02   1.6857896571D-01
   9.5688993369D-02  -3.2971301254D-01   1.3656262924D-01  -3.7635882330D-01
   2.4534878616D-01  -1.8991991807D-01  -5.7170697499D-03   9.1816865290D-01
  -9.3496072557D-01  -6.9922044256D-01   5.5778450545D-01
  -7.5449407323D-02   2.8715485158D-01   2.9702476802D-01  -2.5145639817D-01
  -2.5241148855D-02  -1.1596551913D-01  -6.0343366855D-01   4.9698590602D-01
  -1.7320927324D-01   4.7934751296D-02  -3.0308992210D-01   8.5666672851D-02
  -3.4091512503D-01   3.4213105452D-02   1.5053486523D-01  -4.8766824852D-01
   5.5443980648D-01   2.5475628090D-01   7.5886615750D-03  -1.1474312446D-03
  -5.5056562747D-02   1.2458956225D-01  -1.5903177974D-01   1.8705545331D-02
   6.6513057006D-02  -3.4339142272D-02  -4.4480850598D-02  -6.4256625996D-01
   5.9487222810D-01  -4.3598981787D-01   4.2177775826D-01  -3.4885921086D-01
   5.3480181574D-01   7.0019793721D-01  -7.8705688350D-01   1.3163144835D-01
  -4.0202288685D-01   4.6630491759D-01  -3.9224822289D-01
  -5.9155815771D-03   1.2380592645D+00   7.6451211200D-02   5.5729650597D-02
  -1.3397029006D-02  -2.1241624921D+00  -3.7896950650D-01  -4.9202391041D-02
   1.2456543697D-01  -1.3567477636D-03   1.0977392958D+00   5.6489542155D-02
   2.4517347722D-02   3.7064711246D-02  -1.6472676802D+00   3.0664439227D-01
  -3.0784346025D-01  -2.6167148130D-01  -2.0792224729D-02   7.5053548858D-02
   3.4810482586D-01  -3.1574006001D-01  -2.6044878009D-01   1.8643875139D-01
  -2.5108604032D-01   4.5365276654D-01   2.9964085222D-01   5.9116016491D-03
   5.5511495530D-01   5.1724319821D-02   6.6281254110D-01  -1.4546671673D-02
   4.3541908993D-01  -1.9251021892D-02   4.9340556692D-01   1.1375083947D-01
   5.6665512867D-01  -2.6617334529D-02   1.1940267837D-01
  -1.0436544328D-02   5.9605216215D-01  -1.4381644868D-01  -4.9228967668D-02
   1.1519447299D-02  -5.0620719964D-01  -3.6601265124D-02   4.8525363819D-01
  -1.3741074877D-01   3.5924937828D-03   8.4755256173D-01   1.0645041185D-01
  -9.0478570367D-03  -4.7847512603D-02  -1.3776839395D+00  -4.3968359567D-01
   5.3102300966D-02   3.8280717548D-01  -1.0666282181D-02   4.3180000241D-02
  -3.7069221833D-01   5.9068671663D-01   5.1406983460D-01   6.3118241019D-02
   4.8494456692D-01  -6.0439984836D-01  -5.7832336880D-01   4.7178824548D-03
   2.5271625770D-01  -6.4986580496D-02   9.0691175331D-02   7.0218181161D-02
   3.5537893809D-01   9.1255145760D-02   3.8544571582D-01  -1.1845692744D-01
   2.3086753891D-01  -3.1966447548D-02   6.1720460786D-02
   1.7949063502D-02   1.7779869887D-01   1.3473119246D-01   3.5762894530D-02
   5.6952992499D-02  -8.8967191644D-01   2.1185040055D-02  -3.6437995058D-01
  -4.1506123446D-01  -3.1002610124D-02  -3.5020730379D-01  -2.0995469107D-01
  -9.0768005837D-02  -9.8972368675D-02   1.3357570463D+00   3.6434506997D-01
  -3.0854588863D-01   6.3433641584D-01   5.7319931417D-02  -2.5292746245D-01
   7.1833844277D-01   3.9777666049D-02   6.0051410506D-01  -4.3174862558D-02
  -9.3261143210D-01  -1.0608366122D-02  -8.2692673531D-01  -2.7198028943D-02
  -1.2655915928D-01   1.2237842363D-01   1.9788705563D-01   7.0575984070D-02
   1.2240276664D-01   7.3955793570D-02   9.2949774680D-03  -2.9532313892D-01
  -2.1698253850D-01   4.1683516433D-01  -2.7009824344D-01
   1.3800258218D-02   4.2331781935D-01  -3.6099564197D-02   1.0746898346D-02
   2.1785590924D-02  -9.7541006830D-01   1.7925710064D-01  -1.4023202227D-01
  -2.1501391925D-01   7.4661758400D-03  -2.9554145814D-01   1.2663540721D-01
   4.2666242667D-02   1.2961307517D-02   2.6054732486D-01   5.0086027899D-01
  -3.1396529127D-02   3.9949520989D-01  -9.6927296631D-03   1.2719218263D-01
  -4.6250993483D-01  -7.6790359946D-01   5.0020528509D-01  -1.5179778693D-01
   6.2092653014D-01   1.1318536239D+00  -7.5862690819D-01   1.7873771665D-02
   6.6389386708D-02   7.7710402216D-02   1.0323541482D-01   1.4137064382D-01
   7.3163509233D-02   1.8918441346D-01  -4.4025998144D-02  -6.0960665923D-02
  -1.5014587357D-01   2.7697401734D-01   4.6418319819D-01
  -7.7313860795D-02  -1.5052567031D+00  -3.2509851965D-03   1.8660393770D-02
   1.1205989998D-02   4.0402798963D+00  -8.3770918315D-01   4.4100796027D-01
  -5.7419886284D-02   7.9760633617D-02   1.4470444623D+00   1.0697111528D-02
   5.4165181166D-03  -5.4544786557D-04  -3.9842020109D+00  -7.3401061197D-01
   5.1125441539D-01   2.2581849596D-01  -2.6621050939D-02   1.2435381105D-01
   1.0898884292D-01  -2.1275111171D-01   2.0130339260D-01   2.8044766850D-01
   1.7827106372D-01   5.0398766429D-01  -3.2914234409D-01  -3.3829223633D-01
  -4.1160690355D-01  -2.8219973251D-01  -3.6197631035D-01  -2.8040113871D-01
  -4.1769376653D-01   3.7571136017D-01   4.0888596839D-01   2.6651972057D-01
   3.4659953798D-01   1.8444393252D-01   2.1918013124D-01
   2.0306896565D-02   6.5080187558D-02   1.0799278647D-01   1.3340623928D-03
   7.1623711811D-03  -5.9162494931D-01   1.9488858190D-01  -1.4612884642D-01
  -3.6107331238D-02  -7.3910959507D-02  -4.4137599233D-01  -1.8543798051D-01
  -1.1517985661D-01  -1.1474890790D-02   1.8716165327D+00  -2.5134379488D-01
  -4.4141893549D-01  -2.0651357964D-02  -6.3370574937D-02   1.6795283159D+00
   2.0751380288D-01   1.0906340387D-01   8.9828301359D-02  -2.3492526377D+00
  -6.5656574647D-01  -2.8655354974D-01  -3.0704296359D-01   4.4207006778D-02
  -2.6449301293D-02   7.6213500404D-03   1.1898266703D-01   7.2609732335D-02
  -5.5157203526D-02  -1.6011211761D-01  -1.5145302670D-01  -1.9604263567D-01
  -1.5647395648D-01   2.8969045474D-01   1.4335186071D-01
HESSIAN 3-21G(d)
  27
   5.6408691620D-01
   4.6336292410D-02   5.9988537528D-01
   3.1396610714D-03   1.9056829233D-03   6.0830343942D-01
  -1.5707641506D-01   6.3988854049D-02   6.3584099853D-03   5.2229340451D-01
   5.1164552469D-02  -1.3788401087D-01  -2.9544414390D-03   1.8762914788D-02
   6.2577483691D-01
   8.1239554056D-03  -1.8299706058D-03  -1.0189414469D-01  -8.3152448858D-03
  -3.7871193633D-02   6.6845780283D-01
  -5.1686927899D-02  -3.8223788826D-02  -6.7501667651D-03  -2.0204939610D-01
  -7.8535685387D-02  -4.6787243623D-02   3.0830545630D-01
   7.6326876277D-03   7.9798671056D-03   2.9555825496D-03  -1.2090941340D-01
  -1.5455404142D-01  -1.8251238357D-02   1.5611693438D-01   4.1180087104D-01
  -2.8866993701D-03  -1.0544655655D-04   5.3248372492D-03  -5.2216387887D-03
   1.8059663755D-02  -9.5918828718D-02   6.3889131120D-02  -2.3221920707D-01
   3.6786515424D-01
  -6.1717284495D-02   3.6678846787D-03   8.4369988451D-03  -3.8687291179D-03
   1.9559141552D-02   3.3480200876D-02   4.8609099676D-03  -2.0873531474D-03
  -1.8723918400D-03   6.2973933293D-02
   7.1364574729D-03  -1.2046215740D-01  -1.0650666751D-01   4.1202340274D-04
  -1.3382197462D-02  -2.2965030693D-02  -1.7902379544D-03   2.0663260610D-03
   2.4072283408D-03  -9.6982644970D-03   1.3032821721D-01
   1.2041930925D-02  -1.0815336900D-01  -2.5748299353D-01  -1.7073798134D-03
  -3.1323292627D-04  -6.6359306914D-04   2.8816371884D-04   2.0294600317D-03
   9.7304477737D-04  -1.1288869034D-02   1.2102480176D-01   2.8279229473D-01
  -2.2844139568D-01  -1.1685268030D-01  -1.9456795743D-02  -2.2209455391D-02
  -2.5698910534D-02  -3.6359594705D-03  -9.0645098227D-03   3.3088684906D-03
  -9.2779956345D-05   2.7363268128D-03   1.9195471871D-03  -6.5843652795D-04
   2.5296784638D-01
  -1.2267946262D-01  -1.5255017836D-01  -1.5200228436D-02   1.8589410504D-02
   1.5715461508D-02   2.4661016197D-03   6.3104373464D-03  -5.1756417402D-04
   3.6452404102D-04  -1.4125966084D-02  -1.0853605238D-02  -5.9905859221D-04
   1.3479702187D-01   1.6245225824D-01
  -1.9928851849D-02  -1.4771001298D-02  -6.2282759750D-02   1.9556048522D-03
   1.2199968963D-03  -1.8396730654D-03   6.8349843359D-05  -4.2474753727D-05
   1.8082851336D-03  -2.9072283631D-02  -1.9000426713D-02  -1.8501263293D-03
   2.2813087451D-02   1.6725740005D-02   6.1196856265D-02
  -6.1539167920D-02  -9.7150143210D-04   2.3996217219D-04  -2.6348205425D-03
   2.6916421832D-02  -2.8193915071D-02   4.3575532146D-03  -4.9360209559D-04
   5.1276326147D-04  -5.0044975031D-04  -1.3580491829D-03   1.1450192642D-03
   1.2547295059D-03  -2.0925358333D-02   2.4919180839D-02   6.4471840700D-02
   2.1088983526D-03  -1.7731353459D-01   1.2501250760D-01  -1.6517285130D-03
  -1.8534502600D-02   1.9223827852D-02  -1.2079974413D-03   2.6245449056D-03
  -2.0989247036D-03  -4.4178140721D-05   1.3659528717D-02  -1.3353518800D-02
   7.9989151875D-04  -1.5206820606D-02   1.6031521310D-02  -4.4224132445D-03
   1.9466207182D-01
  -1.1411776690D-03   1.2624826016D-01  -1.9604466005D-01   2.1382272338D-03
  -1.9772902355D-03   2.1942560405D-03  -1.0805460393D-03  -1.9596294143D-03
   3.1959146391D-04   4.0667896061D-04   2.4339188784D-02  -2.6151048634D-02
   9.2777574799D-04  -3.5009003171D-03   3.1407828002D-03   4.0938027143D-05
  -1.4309393082D-01   2.1366010271D-01
  -1.7848208049D-03   2.5254748766D-02  -2.6790335552D-02  -6.2252694056D-02
   1.1891798765D-02  -1.0865010951D-02  -4.6226371851D-03  -2.9874182515D-02
   2.6647436001D-02   1.4938106751D-03  -8.7764873489D-04   5.6761023516D-04
   9.9867946657D-04  -1.1596780691D-03  -1.4201471888D-04  -5.4884117472D-03
   3.9463980069D-03   9.1737837795D-04   7.5084831402D-02
   2.4434459456D-03  -1.3778326306D-02   1.6456020557D-02   6.5520240884D-03
  -1.7419683102D-01   1.1904774732D-01  -4.8240861421D-03  -1.9779989725D-02
   1.8460757725D-02  -1.0120093859D-03   7.1131231980D-05  -2.0159054786D-04
   4.2309759847D-04   7.7016076027D-04  -2.3489702203D-05   3.3357535619D-03
  -1.0056245667D-03  -3.8162685591D-04  -3.1468367052D-03   1.9506187085D-01
   8.3057843423D-04  -3.2139078966D-03   3.1355773719D-03  -4.2235831882D-03
   1.2859415037D-01  -2.1160903934D-01   6.9547727591D-04  -5.0517764639D-03
   7.8539143441D-03  -4.7045463816D-04   5.1417310651D-05   1.1265598865D-03
  -1.0163776547D-03   3.4067845487D-04  -1.0739845263D-04   5.5918278821D-04
  -1.2187178737D-03   1.5753297394D-03   6.7608417529D-03  -1.3893190452D-01
   2.2109762180D-01
  -2.8533146967D-03   1.8126571479D-02   3.2381458712D-02  -6.3155878197D-02
   1.5005073524D-02   2.4603233930D-02  -1.2051792534D-02  -3.0457934786D-02
  -3.4788792979D-02  -5.6682861382D-03   4.0961662732D-03  -4.4875327510D-04
   1.0650394300D-03  -1.4108240152D-03  -1.2028499732D-04   1.5264219144D-03
  -5.7875826008D-04  -9.8150319566D-04   1.7226737753D-03  -1.5932306906D-04
  -1.8697348048D-03   7.8062840993D-02
   3.7117442917D-03  -9.2050935025D-03  -2.0383862328D-02   1.5333097217D-02
  -1.1692284322D-01  -8.9767689647D-02  -1.5212036297D-02  -1.7939271081D-02
  -2.4428064914D-02   3.5776421104D-03  -1.3551633260D-03  -2.7863690815D-05
   5.4383865723D-04   6.0613504387D-04   1.8631620697D-04  -1.3730261262D-03
   2.7496133598D-04  -5.9755308110D-05  -1.7925665291D-03   1.4365111149D-02
   2.2451820949D-02  -6.0867156860D-03   1.3003738353D-01
  -8.4816489709D-04   1.4501159673D-03   4.1370925711D-04   2.0729866036D-02
  -9.6261718820D-02  -2.6030563922D-01  -6.6656812533D-03  -4.8195207116D-03
   2.0336947811D-03   1.1439445337D-05   4.8644163329D-04   1.7638510854D-03
   1.3493437728D-03  -2.3284597800D-04  -2.0286597821D-04   3.3168073507D-04
  -6.2129957334D-04   1.1537840361D-03   3.5781341393D-03  -1.2747575770D-02
  -2.5378232480D-02  -1.8637636031D-02   1.1341868517D-01   2.7909463546D-01
   1.0124103569D-03  -1.3263808269D-03   2.4408072742D-03  -9.0460160495D-03
  -3.9065307010D-02   3.1589983789D-02  -3.8048655942D-02   1.6763995445D-02
  -4.6187027448D-02  -3.1023124680D-04   1.6000603323D-04   6.0714507186D-05
   6.9273930069D-04   6.0441939729D-04  -4.9278778901D-04  -1.4476953750D-03
   1.0498877213D-03  -1.2277714436D-03  -5.1514315258D-03  -3.6120658921D-03
  -1.2659299653D-03   1.3522954528D-03   1.2980223616D-03   1.5101805321D-04
   5.0946585029D-02
   2.1453840498D-03   3.3280586390D-03  -1.2845939229D-03  -1.0771821353D-03
  -2.6015871811D-02   2.9947446146D-02  -2.2633539681D-02  -2.3168074271D-01
   2.1955946938D-01   1.6310291297D-04  -7.2079796319D-05  -4.0562823386D-04
   7.5932550685D-04  -4.1584718107D-04  -3.2618195195D-04  -7.0822498026D-04
   8.3937558273D-04   3.8568401579D-04  -4.2420329850D-03  -1.5075023684D-03
  -3.0217603306D-03   1.4657445407D-03   1.3878007841D-04  -6.7228191733D-04
   2.4127422771D-02   2.5538582957D-01
   6.6876794878D-04  -1.5303636887D-03   5.2699473355D-04  -1.1714261431D-02
  -8.4959339668D-03   1.5788592412D-03  -3.6574842769D-03   2.5735880419D-01
  -2.9025969327D-01   3.6868101622D-04   1.6304708433D-04  -5.0798891333D-04
  -2.2985761911D-04  -3.6401079780D-04   1.3689937666D-04   4.4518798377D-04
   1.1853501041D-04   1.5186189617D-04  -6.7403928422D-04  -1.6783382054D-03
   2.3056671356D-03  -1.3798735992D-04  -1.3895864385D-03   1.4270630609D-03
   1.4930993023D-02  -2.4418215319D-01   2.8464033674D-01
GEOMETRY2
  6        2.24690179553000       -0.45838651552100       -0.03817245743530
  6       -0.15590191167400        1.09170160277000        0.08781455811330
  8       -2.29304032157000       -0.50345511360100       -0.21320368162700
  1        2.36506011642000       -1.47330463314000       -1.83744085229000
  1        3.91313955111000        0.74790447675900        0.15943394142600
  1        2.27639740715000       -1.88501987945000        1.46029948963000
  1       -0.18669860633000        2.50253158468000       -1.42266574840000
  1       -0.31086000377900        2.07383466019000        1.90082205526000
  1       -2.25871519519000       -1.73819582370000        1.14732796332000
