 OPT HF 3-21G(*)
M0001
0 1
 6   1.189024534  -0.242796523  -0.020120968
 6  -0.083564479   0.578425423   0.044434321
 8  -1.212408796  -0.245548330  -0.134382319
 1   1.251591155  -0.779361396  -0.972113358
 1   2.069776510   0.395489157   0.084487632
 1   1.205585464  -0.997653514   0.772433500
 1  -0.098530534   1.316853096  -0.743666617
 1  -0.165538439   1.097921561   1.009277333
 1  -1.198163675  -1.249848876   0.960070540
ENDCART
ATOMLABELS
"C1"
"C2"
"O1"
"H1"
"H2"
"H3"
"H4"
"H5"
"H6"
ENDATOMLABELS
HESSIAN
    1    1   -3   13   13   13   13   13   13
    1    2    1
    2    3    1
    1    4    1
    1    5    1
    1    6    1
    2    7    1
    2    8    1
    3    9    1
ENDHESS
BEGINPROPIN
ENDPROPIN
BEGINPREFERENCES
 MM:CONF_SELECTION_RULE=2
ENDPREFERENCES
