 OPT HF 3-21G(*)
M0011
0 1
 6   1.188994088  -0.242338908  -0.020279024
 6  -0.081435010   0.576981879   0.048504612
 8  -1.214440743  -0.287285654  -0.091262757
 1   1.251480857  -0.779917190  -0.972550433
 1   2.071712335   0.396058910   0.084249997
 1   1.203649971  -0.997365754   0.773081033
 1  -0.099062776   1.331712463  -0.762018077
 1  -0.163461644   1.096930679   1.002466239
 1  -1.192357712  -0.589778492   0.254209170
ENDCART
ATOMLABELS
"C1"
"C2"
"O1"
"H1"
"H2"
"H3"
"H4"
"H5"
"H6"
ENDATOMLABELS
HESSIAN
    1    1   -3   13   13   13   13   13   13
    1    2    1
    2    3    1
    1    4    1
    1    5    1
    1    6    1
    2    7    1
    2    8    1
    3    9    1
ENDHESS
BEGINPROPIN
ENDPROPIN
BEGINPREFERENCES
 MM:CONF_SELECTION_RULE=2
ENDPREFERENCES
