 OPT HF 3-21G(*)
M0006
0 1
 6   1.189009311  -0.242567715  -0.020199996
 6  -0.082499745   0.577703651   0.046469466
 8  -1.213424769  -0.266416992  -0.112822538
 1   1.251536006  -0.779639293  -0.972331895
 1   2.070744423   0.395774034   0.084368815
 1   1.204617718  -0.997509634   0.772757267
 1  -0.098796655   1.324282780  -0.752842347
 1  -0.164500042   1.097426120   1.005871786
 1  -1.195260693  -0.919813684   0.607139855
ENDCART
ATOMLABELS
"C1"
"C2"
"O1"
"H1"
"H2"
"H3"
"H4"
"H5"
"H6"
ENDATOMLABELS
HESSIAN
    1    1   -3   13   13   13   13   13   13
    1    2    1
    2    3    1
    1    4    1
    1    5    1
    1    6    1
    2    7    1
    2    8    1
    3    9    1
ENDHESS
BEGINPROPIN
ENDPROPIN
BEGINPREFERENCES
 MM:CONF_SELECTION_RULE=2
ENDPREFERENCES
