 OPT HF 3-21G(*)
M0010
0 1
 6   1.188994833  -0.242350106  -0.020275156
 6  -0.081487122   0.577017205   0.048405005
 8  -1.214391017  -0.286264269  -0.092317967
 1   1.251483557  -0.779903588  -0.972539737
 1   2.071664962   0.396044967   0.084255812
 1   1.203697336  -0.997372796   0.773065187
 1  -0.099049751   1.331348829  -0.761568985
 1  -0.163512467   1.096954928   1.002632918
 1  -1.192499794  -0.605931564   0.271482828
ENDCART
ATOMLABELS
"C1"
"C2"
"O1"
"H1"
"H2"
"H3"
"H4"
"H5"
"H6"
ENDATOMLABELS
HESSIAN
    1    1   -3   13   13   13   13   13   13
    1    2    1
    2    3    1
    1    4    1
    1    5    1
    1    6    1
    2    7    1
    2    8    1
    3    9    1
ENDHESS
BEGINPROPIN
ENDPROPIN
BEGINPREFERENCES
 MM:CONF_SELECTION_RULE=2
ENDPREFERENCES
