 OPT HF 3-21G(*)
M0003
0 1
 6   1.189021627  -0.242752824  -0.020136061
 6  -0.083361133   0.578287577   0.044822999
 8  -1.212602829  -0.249533890  -0.130264767
 1   1.251580622  -0.779414469  -0.972155095
 1   2.069961365   0.395543564   0.084464940
 1   1.205400641  -0.997626035   0.772495334
 1  -0.098581358   1.318272039  -0.745419026
 1  -0.165340123   1.097826941   1.008626931
 1  -1.197609255  -1.186817763   0.892666777
ENDCART
ATOMLABELS
"C1"
"C2"
"O1"
"H1"
"H2"
"H3"
"H4"
"H5"
"H6"
ENDATOMLABELS
HESSIAN
    1    1   -3   13   13   13   13   13   13
    1    2    1
    2    3    1
    1    4    1
    1    5    1
    1    6    1
    2    7    1
    2    8    1
    3    9    1
ENDHESS
BEGINPROPIN
ENDPROPIN
BEGINPREFERENCES
 MM:CONF_SELECTION_RULE=2
ENDPREFERENCES
