 OPT HF 3-21G(*)
M0002
0 1
 6   1.189023789  -0.242785324  -0.020124836
 6  -0.083512367   0.578390097   0.044533928
 8  -1.212458521  -0.246569715  -0.133327108
 1   1.251588456  -0.779374997  -0.972124054
 1   2.069823883   0.395503100   0.084481817
 1   1.205538099  -0.997646472   0.772449346
 1  -0.098543558   1.317216730  -0.744115709
 1  -0.165487616   1.097897313   1.009110654
 1  -1.198021593  -1.233695804   0.942796883
ENDCART
ATOMLABELS
"C1"
"C2"
"O1"
"H1"
"H2"
"H3"
"H4"
"H5"
"H6"
ENDATOMLABELS
HESSIAN
    1    1   -3   13   13   13   13   13   13
    1    2    1
    2    3    1
    1    4    1
    1    5    1
    1    6    1
    2    7    1
    2    8    1
    3    9    1
ENDHESS
BEGINPROPIN
ENDPROPIN
BEGINPREFERENCES
 MM:CONF_SELECTION_RULE=2
ENDPREFERENCES
